Date	BC	AB	SK	MB	ON	QC	NL	NB	NS	PE	Canada
2020-03-24	1.43	0.92	0.79	0.15	0.4	1.61	0.93	0.2	0.67	0.18	0.88
2020-03-25	1.31	1.04	0.95	0.21	0.48	2.11	1.75	0.33	0.89	0.36	1.06
2020-03-26	1.26	1.1	0.91	0.2	0.58	2.51	2.16	0.4	0.86	0.63	1.19
2020-03-27	1.26	1.12	0.95	0.23	0.66	3.13	2.68	0.62	1.09	0.81	1.39
2020-03-28	1.28	1.02	1.09	0.47	0.6	3.79	3.12	0.62	1.3	0.81	1.52
2020-03-29	1.28	1.17	0.99	0.55	0.9	4.36	3.45	0.9	1.37	0.72	1.8
2020-03-30	1.35	1.26	1.32	0.79	1.17	4.66	3.39	0.93	1.25	1.34	2.01
2020-03-31	0.98	1.28	1.36	0.85	1.34	5.24	3.2	0.95	1.4	1.61	2.16
2020-04-01	1.13	1.08	1.3	0.95	1.65	5.44	2.96	1.01	1.53	1.43	2.33
2020-04-02	1.1	1.56	1.35	1.36	1.88	6.48	2.76	1.06	1.75	1.16	2.72
2020-04-03	1.25	1.72	1.41	1.48	2.19	6.79	2.22	0.91	1.71	0.98	2.95
2020-04-04	0.89	1.72	1.18	1.35	2.56	7.49	2.05	0.86	1.84	0.98	3.19
2020-04-05	0.89	2.03	1.39	1.36	2.6	8.49	2.24	0.64	2.04	0.98	3.48
2020-04-06	0.85	2.13	0.95	1.12	2.56	8.58	2.13	0.64	2.42	0.36	3.47
2020-04-07	0.89	2	0.92	1.18	2.68	8.62	2.08	0.64	2.38	0.09	3.51
2020-04-08	0.75	2.16	0.95	0.97	2.8	9.02	1.56	0.49	2.47	0.27	3.64
2020-04-09	0.69	1.56	0.87	0.59	2.88	8.98	1.45	0.37	2.63	0.27	3.56
2020-04-10	0.65	1.37	0.79	0.5	2.89	9.29	1.53	0.31	2.92	0.27	3.61
2020-04-11	0.67	1.6	0.7	0.5	2.93	8.81	1.26	0.26	2.8	0.27	3.54
2020-04-12	0.67	1.3	0.59	0.4	2.92	8.16	0.68	0.24	2.67	0.27	3.33
2020-04-13	0.62	1.24	0.57	0.44	3.03	8.29	0.49	0.24	2.64	0.27	3.39
2020-04-14	0.63	1.61	0.5	0.3	3.13	8.17	0.44	0.2	3.02	0.27	3.45
2020-04-15	0.62	1.85	0.4	0.26	3.07	8.04	0.41	0.16	3.02	0.18	3.42
2020-04-16	0.53	2.28	0.33	0.27	3.1	8.23	0.44	0.11	3	0.09	3.51
2020-04-17	0.46	2.9	0.27	0.21	3.19	8.53	0.47	0.09	2.9	0.09	3.66
2020-04-18	0.48	3.21	0.29	0.11	3.26	8.7	0.41	0.11	3.22	0.09	3.77
2020-04-19	0.48	2.94	0.21	0.11	3.42	9.17	0.38	0.07	3.35	0.09	3.91
2020-04-20	0.58	3.8	0.19	0.08	3.6	9.59	0.33	0.04	3.6	0.09	4.19
2020-04-21	0.57	3.96	0.23	0.09	3.67	9.79	0.33	0.04	3.21	0.09	4.27
2020-04-22	0.65	4.54	0.27	0.11	3.68	10.16	0.25	0.02	3.25	0	4.44
2020-04-23	0.73	5.05	0.32	0.12	3.8	9.95	0.11	0.02	3.62	0	4.52
2020-04-24	0.77	5.23	0.41	0.13	3.87	9.68	0	0.02	3.56	0	4.51
2020-04-25	0.92	5.4	0.44	0.15	3.86	9.57	0.03	0	3.15	0	4.51
2020-04-26	0.92	6.2	0.46	0.19	3.74	9.57	0.05	0	2.89	0	4.55
2020-04-27	0.83	5.78	0.59	0.19	3.56	9.43	0.05	0	2.61	0	4.39
2020-04-28	0.91	5.67	0.56	0.18	3.54	9.37	0.05	0	2.6	0.09	4.36
2020-04-29	0.81	5.7	0.69	0.17	3.38	9.37	0.05	0	2.38	0.09	4.29
2020-04-30	0.8	5.28	0.7	0.13	3.21	9.49	0.05	0	1.75	0.09	4.18
2020-05-01	0.81	5.03	0.9	0.17	3	10.04	0.08	0	1.59	0.09	4.2
2020-05-02	0.62	4.64	0.87	0.13	3.03	10.64	0.05	0	1.43	0.09	4.27
2020-05-03	0.62	4.15	0.97	0.1	3.03	12.91	0.03	0	1.43	0.09	4.73
2020-05-04	0.63	3.68	1.24	0.09	2.97	12.72	0.03	0	1.24	0.09	4.61
2020-05-05	0.5	3.37	1.47	0.1	2.84	12.75	0.03	0.02	1.11	0	4.52
2020-05-06	0.47	2.58	1.56	0.1	2.9	12.88	0.03	0.04	0.92	0	4.47
2020-05-07	0.49	2.14	1.72	0.08	2.84	12.82	0.05	0.04	0.88	0	4.39
2020-05-08	0.47	1.7	1.56	0.05	2.9	12.49	0.03	0.04	0.71	0	4.27
2020-05-09	0.44	1.57	1.6	0.04	2.74	12.2	0.03	0.04	0.7	0	4.13
2020-05-10	0.44	1.57	1.59	0.06	2.6	9.75	0.03	0.04	0.69	0	3.52
2020-05-11	0.36	1.5	1.22	0.08	2.54	9.73	0.03	0.04	0.5	0	3.46
2020-05-12	0.36	1.46	1.04	0.07	2.52	9.67	0.03	0.02	0.42	0	3.42
2020-05-13	0.34	1.43	0.79	0.06	2.44	9.33	0.03	0	0.38	0	3.3
2020-05-14	0.29	1.42	0.62	0.06	2.39	9.14	0	0	0.28	0	3.22
2020-05-15	0.26	1.35	0.56	0.05	2.25	8.77	0	0	0.38	0	3.07
2020-05-16	0.27	1.39	0.46	0.05	2.3	8.65	0	0	0.38	0	3.07
2020-05-17	0.27	1.26	0.34	0.02	2.34	8.66	0	0	0.32	0	3.07
2020-05-18	0.25	1.24	0.29	0.01	2.34	8.59	0	0	0.35	0	3.04
2020-05-19	0.24	1.2	0.32	0.01	2.4	8.27	0	0	0.35	0	2.99
2020-05-20	0.25	1	0.52	0.01	2.46	8.06	0	0	0.31	0	2.95
2020-05-21	0.24	1	0.48	0.01	2.53	7.95	0	0.02	0.29	0	2.95
2020-05-22	0.28	0.92	0.45	0.03	2.62	7.85	0	0.02	0.2	0	2.96
2020-05-23	0.25	0.75	0.47	0.03	2.64	7.75	0	0.02	0.18	0	2.92
2020-05-24	0.25	0.7	0.48	0.03	2.76	7.48	0	0.02	0.15	0	2.89
2020-05-25	0.24	0.63	0.51	0.02	2.86	7.25	0	0.02	0.12	0	2.87
2020-05-26	0.26	0.6	0.42	0.02	2.72	7.33	0	0.04	0.12	0	2.83
2020-05-27	0.23	0.68	0.21	0.02	2.63	7.26	0	0.05	0.12	0	2.78
2020-05-28	0.22	0.6	0.21	0.04	2.6	7	0.03	0.09	0.13	0	2.7
2020-05-29	0.15	0.58	0.17	0.02	2.5	6.81	0.03	0.13	0.1	0	2.61
2020-05-30	0.16	0.56	0.18	0.02	2.42	6.35	0.03	0.15	0.1	0	2.47
2020-05-31	0.16	0.48	0.17	0.03	2.29	6.07	0.03	0.2	0.09	0	2.35
2020-06-01	0.19	0.53	0.15	0.03	2.29	5.6	0.03	0.2	0.09	0	2.25
2020-06-02	0.17	0.5	0.15	0.05	2.44	4.99	0.03	0.2	0.07	0	2.17
2020-06-03	0.2	0.48	0.12	0.06	2.49	4.57	0.03	0.22	0.07	0	2.09
2020-06-04	0.21	0.44	0.11	0.04	2.46	4.07	0	0.18	0.04	0	1.96
2020-06-05	0.19	0.38	0.1	0.06	2.46	3.6	0	0.15	0.04	0	1.85
2020-06-06	0.16	0.47	0.06	0.06	2.59	3.29	0	0.13	0.03	0	1.83
2020-06-07	0.16	0.41	0.05	0.05	2.67	2.98	0	0.09	0.04	0	1.79
2020-06-08	0.17	0.51	0.1	0.05	2.52	2.82	0	0.26	0.03	0	1.71
2020-06-09	0.19	0.56	0.12	0.03	2.31	2.65	0	0.26	0.04	0	1.59
2020-06-10	0.16	0.65	0.13	0.02	2.22	2.42	0	0.29	0.04	0	1.52
2020-06-11	0.17	0.73	0.15	0.02	2.08	2.24	0	0.31	0.04	0	1.43
2020-06-12	0.21	0.8	0.17	0.01	1.92	2.11	0	0.33	0.04	0	1.36
2020-06-13	0.21	0.79	0.17	0.03	1.74	1.99	0	0.38	0.04	0	1.26
2020-06-14	0.21	0.95	0.18	0.04	1.52	1.84	0	0.37	0.03	0	1.16
2020-06-15	0.24	0.81	0.35	0.04	1.46	1.68	0	0.26	0.03	0	1.09
2020-06-16	0.24	0.82	0.34	0.04	1.42	1.6	0	0.29	0.01	0	1.06
2020-06-17	0.26	0.82	0.42	0.06	1.36	1.54	0	0.24	0	0	1.03
2020-06-18	0.25	0.85	0.58	0.08	1.33	1.49	0	0.2	0	0	1.01
2020-06-19	0.22	0.9	0.64	0.1	1.33	1.47	0	0.18	0	0	1.01
2020-06-20	0.22	0.94	0.75	0.1	1.27	1.41	0	0.13	0	0	0.98
2020-06-21	0.22	0.88	0.98	0.09	1.25	1.35	0	0.13	0	0	0.96
2020-06-22	0.21	0.91	0.82	0.1	1.23	1.31	0	0.07	0	0	0.94
2020-06-23	0.22	0.97	0.84	0.1	1.26	1.22	0	0.04	0	0	0.94
2020-06-24	0.21	0.95	0.78	0.09	1.23	1.12	0	0.02	0	0	0.9
2020-06-25	0.24	0.88	0.62	0.08	1.25	1.15	0	0.02	0	0	0.9
2020-06-26	0.24	0.85	0.68	0.07	1.18	0.89	0	0.02	0	0	0.81
2020-06-27	0.24	0.92	0.62	0.09	1.14	0.68	0	0.02	0	0	0.76
2020-06-28	0.24	0.94	0.39	0.09	1.14	0.52	0	0.02	0	0	0.72
2020-06-29	0.23	1.07	0.34	0.1	1.24	0.92	0	0.02	0	0	0.86
2020-06-30	0.22	1.06	0.39	0.11	1.18	0.96	0	0	0.01	0	0.84
2020-07-01	0.19	0.91	0.34	0.1	1.02	0.86	0	0	0.01	0	0.74
2020-07-02	0.2	1.13	0.44	0.09	1.13	0.85	0	0	0.04	0	0.81
2020-07-03	0.19	1.2	0.29	0.07	1.18	1	0	0	0.04	0	0.86
2020-07-04	0.19	0.98	0.23	0.03	1.14	1.18	0	0	0.04	0.27	0.86
2020-07-05	0.19	0.85	0.22	0.03	1.11	1.31	0	0	0.04	0.45	0.86
2020-07-06	0.21	1.04	0.32	0.01	1.01	0.91	0	0	0.06	0.45	0.76
2020-07-07	0.21	1.06	0.25	0	0.96	0.9	0	0	0.04	0.45	0.74
2020-07-08	0.26	1.21	0.28	0	1.08	1.04	0	0	0.06	0.45	0.84
2020-07-09	0.24	1.02	0.22	0	0.95	1.04	0	0.02	0.03	0.54	0.76
2020-07-10	0.29	1.09	0.23	0	0.9	1.06	0.03	0.02	0.03	0.54	0.76
2020-07-11	0.29	1.09	0.23	0	0.91	1.04	0.03	0.02	0.03	0.27	0.76
2020-07-12	0.29	1.09	0.23	0	0.9	1.1	0.03	0.02	0.03	0.18	0.77
2020-07-13	0.38	1.41	0.8	0	0.86	1.14	0.03	0.02	0.01	0.27	0.83
2020-07-14	0.38	1.54	0.85	0.05	0.86	1.22	0.03	0.04	0.01	0.36	0.87
2020-07-15	0.39	1.65	0.88	0.05	0.85	1.29	0.03	0.05	0.01	0.36	0.9
2020-07-16	0.39	1.92	1.33	0.06	0.79	1.31	0.03	0.04	0.01	0.27	0.92
2020-07-17	0.4	2.01	1.47	0.11	0.79	1.38	0	0.04	0.01	0.27	0.96
2020-07-18	0.4	2.01	1.53	0.12	0.82	1.49	0	0.04	0.01	0.27	1
2020-07-19	0.4	2.01	1.55	0.19	0.85	1.57	0	0.05	0.01	0.18	1.03
2020-07-20	0.51	2.46	1.1	0.3	0.87	1.65	0	0.07	0.01	0.09	1.12
2020-07-21	0.56	2.64	1.14	0.37	0.96	1.77	0.03	0.05	0.01	0	1.21
2020-07-22	0.59	2.8	1.81	0.46	1.02	1.79	0.05	0.04	0	0	1.28
2020-07-23	0.62	2.78	1.81	0.46	1.02	1.79	0.05	0.04	0	0	1.28
2020-07-24	0.61	2.8	1.98	0.5	1.1	1.83	0.08	0.04	0	0	1.33
2020-07-25	0.61	2.8	2.36	0.53	1.07	1.85	0.08	0.04	0	0	1.34
2020-07-26	0.61	2.8	2.85	0.53	1.04	1.86	0.11	0.02	0	0	1.34
2020-07-27	0.56	2.59	2.99	0.48	1.03	1.85	0.11	0	0	0	1.31
2020-07-28	0.54	2.4	3.01	0.4	0.94	1.83	0.08	0	0	0	1.24
2020-07-29	0.56	2.4	2.88	0.34	0.85	1.78	0.05	0	0	0	1.19
2020-07-30	0.55	2.39	2.84	0.35	0.84	1.75	0.05	0	0	0	1.18
2020-07-31	0.62	2.45	2.67	0.32	0.78	1.78	0.03	0	0.03	0	1.17
2020-08-01	0.62	2.45	2.4	0.3	0.77	1.74	0.03	0	0.03	0	1.14
2020-08-02	0.62	2.45	1.99	0.42	0.75	1.69	0	0	0.06	0	1.12
2020-08-03	0.39	1.46	1.82	0.44	0.63	1.65	0	0	0.06	0	0.91
2020-08-04	0.73	2.18	1.82	0.39	0.7	1.57	0	0	0.06	0	1.05
2020-08-05	0.75	2.06	1.31	0.38	0.71	1.65	0	0.07	0.06	0	1.05
2020-08-06	0.8	1.87	0.98	0.67	0.71	1.67	0	0.11	0.06	0	1.04
2020-08-07	0.81	1.9	1.09	0.79	0.67	1.55	0.03	0.11	0.03	0	1
2020-08-08	0.81	1.9	1.2	0.93	0.61	1.51	0.03	0.11	0.03	0	0.99
2020-08-09	0.81	1.9	1.25	1.11	0.58	1.46	0.03	0.11	0	0	0.96
2020-08-10	1.18	2.73	1.1	1.2	0.69	1.5	0.05	0.11	0	0	1.17
2020-08-11	0.9	2.02	1.35	1.23	0.55	1.46	0.05	0.13	0	0	0.99
2020-08-12	1	2.11	1.31	1.39	0.56	1.35	0.05	0.07	0	0.45	1
2020-08-13	1.09	2.17	1.5	1.34	0.54	1.31	0.05	0.07	0	0.45	1
2020-08-14	1.18	2.01	1.6	1.57	0.54	1.27	0.03	0.07	0.01	0.45	1
2020-08-15	1.18	2.01	1.61	1.62	0.58	1.19	0.03	0.15	0.04	0.45	1
2020-08-16	1.18	2.01	1.64	1.61	0.58	1.13	0.03	0.18	0.04	0.45	0.99
2020-08-17	1.47	2.34	1.59	1.79	0.57	0.97	0	0.18	0.06	0.45	1.03
2020-08-18	1.57	2.09	1.25	1.93	0.66	0.89	0	0.16	0.06	0.72	1.03
2020-08-19	1.52	1.96	1.24	1.92	0.66	0.84	0	0.15	0.07	0.27	0.99
2020-08-20	1.53	2.05	0.96	2	0.66	0.8	0	0.11	0.09	0.27	0.99
2020-08-21	1.55	2.25	0.65	1.94	0.7	0.82	0	0.15	0.07	0.27	1.02
2020-08-22	1.55	2.25	0.38	2.16	0.7	0.86	0	0.07	0.06	0.27	1.03
2020-08-23	1.55	2.25	0.24	2.56	0.73	0.87	0	0.05	0.09	0.27	1.06
2020-08-24	1.64	1.92	0.24	2.71	0.74	0.89	0	0.05	0.07	0.27	1.04
2020-08-25	1.57	2.15	0.23	2.8	0.71	0.92	0	0.07	0.07	0	1.06
2020-08-26	1.55	2.29	0.22	2.9	0.7	1.05	0	0.07	0.07	0	1.1
2020-08-27	1.52	2.31	0.23	2.78	0.74	1.04	0	0.07	0.06	0	1.11
2020-08-28	1.61	2.35	0.19	2.76	0.73	0.97	0.03	0.05	0.09	0	1.1
2020-08-29	1.61	2.35	0.22	2.89	0.77	1.05	0.03	0.05	0.07	0	1.14
2020-08-30	1.61	2.35	0.18	2.51	0.77	1.13	0.03	0.04	0.04	0	1.14
2020-08-31	1.68	2.89	0.22	2.29	0.78	1.25	0.03	0.04	0.07	0	1.24
2020-09-01	1.68	3.18	0.25	2.22	0.79	1.35	0.03	0.02	0.07	0	1.3
2020-09-02	1.8	3.13	0.24	2.08	0.83	1.33	0.03	0.04	0.06	0	1.32
2020-09-03	1.86	3.2	0.3	2.07	0.85	1.51	0.03	0.04	0.06	0.18	1.38
2020-09-04	1.85	3.22	0.33	1.83	0.87	1.74	0	0.02	0.03	0.27	1.43
2020-09-05	1.85	3.22	0.34	1.48	0.89	1.76	0.03	0.02	0.03	0.27	1.44
2020-09-06	1.85	3.22	0.44	1.42	0.94	1.91	0.03	0.02	0.03	0.27	1.49
2020-09-07	1.03	1.85	0.52	1.28	0.83	2.03	0.03	0.02	0.01	0.63	1.2
2020-09-08	2.06	3.32	0.57	1.21	1.08	2.1	0.03	0.02	0.01	0.81	1.62
2020-09-09	2.05	3.27	0.56	1.25	1.1	2.18	0.03	0	0.01	0.98	1.64
2020-09-10	2.19	3.21	0.51	1.18	1.13	2.18	0.03	0.02	0.01	0.81	1.67
2020-09-11	2.22	3.04	0.61	1.24	1.2	2.24	0.03	0.02	0.01	0.72	1.69
2020-09-12	2.22	3.04	0.8	1.2	1.26	2.35	0.03	0.02	0.01	0.72	1.75
2020-09-13	2.22	3.04	0.91	1.09	1.3	2.48	0.03	0.02	0.01	0.72	1.79
2020-09-14	3.1	4.39	0.84	1.15	1.61	2.58	0.03	0.04	0	0.36	2.21
2020-09-15	2.18	2.79	0.87	1.21	1.49	2.8	0.03	0.04	0	0.36	1.9
2020-09-16	2.24	3.03	0.98	1.28	1.65	2.99	0.03	0.04	0	0.18	2.05
2020-09-17	2.31	3.13	0.98	1.26	1.77	3.52	0.03	0.02	0	0.18	2.23
2020-09-18	2.44	3.12	1.07	1.52	1.95	3.65	0.05	0.02	0	0.18	2.36
2020-09-19	2.44	3.12	0.95	1.53	2.12	3.95	0.03	0.02	0	0.18	2.49
2020-09-20	2.44	3.12	0.98	1.64	2.27	4.25	0.03	0.02	0	0.18	2.63
2020-09-21	2.58	2.93	1.01	1.65	2.38	4.77	0.03	0.04	0	0.18	2.78
2020-09-22	2.58	3.01	1.01	1.72	2.6	5.1	0.03	0.04	0.01	0	2.95
2020-09-23	2.49	2.92	0.96	1.92	2.62	5.38	0.03	0.05	0.01	0.09	3.01
2020-09-24	2.44	2.96	0.95	2.19	2.73	5.51	0.03	0.09	0.01	0.09	3.09
2020-09-25	2.22	3.11	0.85	2.32	2.74	6.08	0	0.11	0.01	0.09	3.21
2020-09-26	2.22	3.11	0.92	2.81	2.77	6.54	0	0.11	0.01	0.09	3.34
2020-09-27	2.22	3.11	0.86	3.05	2.89	7.26	0.03	0.11	0.01	0.09	3.56
2020-09-28	1.94	3.26	0.95	3.22	3.16	7.53	0.03	0.07	0.01	0.09	3.72
2020-09-29	1.97	3.3	0.91	3.32	3.23	8.04	0.03	0.07	0	0.18	3.87
2020-09-30	2.06	3.33	1.01	3.3	3.51	8.66	0.05	0.05	0.01	0.09	4.14
2020-10-01	1.88	3.38	1.12	3.29	3.64	9.24	0.08	0.02	0.01	0.09	4.3
2020-10-02	2.05	3.28	1.14	3.19	3.95	9.93	0.08	0	0.03	0.09	4.59
2020-10-03	2.05	3.28	1.1	2.89	4.16	10.62	0.11	0.02	0.03	0.09	4.81
2020-10-04	2.05	3.28	0.98	2.69	4.24	10.92	0.11	0.02	0.03	0.27	4.9
2020-10-05	2.31	3.83	0.92	2.82	4.15	11.65	0.11	0.05	0.03	0.27	5.13
2020-10-06	2.3	4.21	1.03	3.03	4.15	12.6	0.11	0.09	0.03	0.18	5.4
2020-10-07	2.27	4.17	0.98	2.95	4.11	12.69	0.08	0.4	0.01	0.18	5.4
2020-10-08	2.35	4.79	1.03	3.26	4.36	12.93	0.05	0.46	0.01	0.18	5.65
2020-10-09	2.23	5.29	1.14	3.69	4.56	13.02	0.11	0.69	0	0.18	5.81
2020-10-10	2.23	5.29	1.38	4.31	4.71	13	0.16	1.04	0.04	0.18	5.9
2020-10-11	2.23	5.29	1.61	4.54	4.79	12.77	0.14	1.3	0.04	0.18	5.9
2020-10-12	1.24	3.42	2.08	4.81	4.19	12.2	0.16	1.37	0.04	0.18	5.22
2020-10-13	2.48	5.64	2.3	5.52	5.17	11.28	0.16	1.44	0.04	0.18	5.85
2020-10-14	2.6	5.96	2.48	6.7	5.3	11.78	0.16	1.28	0.04	0.18	6.11
2020-10-15	2.69	5.57	2.67	7.81	5.29	11.61	0.19	1.22	0.04	0.18	6.08
2020-10-16	2.79	5.75	2.86	7.72	5.07	11.52	0.22	1.08	0.06	0.18	6.01
2020-10-17	2.79	5.75	2.88	7.6	5.06	11.83	0.14	0.86	0.04	0.18	6.07
2020-10-18	2.79	5.75	2.88	7.5	5.07	12.08	0.14	0.69	0.07	0	6.12
2020-10-19	4.17	8.65	3.1	7.53	5.76	12.41	0.11	0.64	0.07	0	6.99
2020-10-20	3.11	6.59	3.21	7.37	5.05	12.36	0.11	0.53	0.07	0.09	6.32
2020-10-21	3.23	7.12	3.6	7.26	5.11	12.14	0.11	0.49	0.07	0.09	6.38
2020-10-22	3.6	7.71	3.95	6.99	5.17	12.25	0.11	0.55	0.07	0.09	6.55
2020-10-23	3.79	8.03	3.89	7.89	5.28	12	0.03	0.49	0.06	0.09	6.63
2020-10-24	3.79	8.03	4.4	8.6	5.45	11.55	0.05	0.38	0.07	0.09	6.63
2020-10-25	3.79	8.03	4.84	9.81	5.82	11.19	0.08	0.33	0.04	0.09	6.75
2020-10-26	4.67	9.89	4.69	10.02	5.96	10.81	0.11	0.33	0.06	0.09	7.06
2020-10-27	4.81	10.21	4.87	10.78	5.97	11.11	0.11	0.38	0.07	0	7.22
2020-10-28	5.05	10.22	4.99	11.13	6.01	10.86	0.11	0.33	0.07	0	7.23
2020-10-29	4.93	10.38	5.24	11.61	6.1	10.86	0.08	0.35	0.07	0	7.29
2020-10-30	5.07	10.99	5.76	14.9	6.17	11.2	0.08	0.33	0.1	0	7.62
2020-10-31	6.05	12.87	5.76	16.93	6.2	11.29	0.05	0.31	0.13	0	8.08
2020-11-01	7.13	14.57	5.93	18.49	6.14	11.43	0.03	0.29	0.16	0	8.49
2020-11-02	5.91	11.72	6.17	19.95	6.24	11.82	0	0.24	0.18	0	8.17
2020-11-03	6.14	12.2	6.45	19.11	6.45	11.66	0	0.18	0.18	0	8.29
2020-11-04	6.27	12.54	6.06	21.23	6.6	11.83	0.03	0.18	0.23	0	8.51
2020-11-05	6.8	13.59	6.62	23.65	6.66	12	0.08	0.15	0.25	0	8.87
2020-11-06	7.68	13.55	6.75	21.18	6.77	12.05	0.08	0.15	0.25	0.18	8.95
2020-11-07	8.28	14.64	7.2	20.36	6.88	12.33	0.14	0.18	0.23	0.18	9.25
2020-11-08	8.69	15.29	8.23	21.71	7.22	13.05	0.16	0.18	0.25	0.18	9.76
2020-11-09	8.92	15.5	9.64	22.99	7.5	13.27	0.16	0.2	0.23	0.18	10.06
2020-11-10	9.54	15.96	10.19	25.9	7.83	13.75	0.16	0.2	0.26	0.27	10.56
2020-11-11	10.1	16.47	11.13	26.48	8.26	14.33	0.16	0.15	0.23	0.36	11.04
2020-11-12	10.57	16.66	10.92	26.98	8.82	14.72	0.11	0.13	0.22	0.36	11.44
2020-11-13	10.65	17.62	10.79	28.97	9.2	15	0.14	0.15	0.22	0.18	11.84
2020-11-14	10.89	17.97	13.11	28.63	9.63	15.35	0.14	0.2	0.25	0.18	12.23
2020-11-15	11.23	18.82	13.38	29.18	9.56	15.04	0.16	0.24	0.23	0.18	12.31
2020-11-16	11.74	19.48	13.27	29.46	9.79	15.13	0.16	0.37	0.25	0.18	12.58
2020-11-17	12.27	19.67	14.64	28.28	9.66	14.82	0.22	0.44	0.28	0.09	12.57
2020-11-18	12.9	19.86	14.87	27.95	9.65	14.48	0.25	0.6	0.29	0	12.6
2020-11-19	12.74	20.65	14.71	27.97	9.3	14.23	0.27	0.66	0.31	0	12.47
2020-11-20	12.46	21.45	15.65	28	9.32	14.16	0.33	0.79	0.35	0	12.56
2020-11-21	12.62	22.45	17.17	29.53	9.32	13.73	0.41	1.1	0.38	0	12.72
2020-11-22	12.53	24.37	17.84	26.9	9.6	13.63	0.44	1.15	0.51	0	12.95
2020-11-23	12.39	26.6	18.5	28.46	9.7	13.54	0.49	1.28	0.64	0.09	13.29
2020-11-24	13.01	27.7	17.71	30.55	9.47	13.77	0.49	1.3	1.11	0.09	13.52
2020-11-25	12.94	29.43	18.11	30.04	9.43	13.65	0.47	1.19	1.3	0.18	13.67
2020-11-26	13.92	29.34	20.74	29.06	9.69	14.08	0.52	1.33	1.49	0.18	14.04
2020-11-27	15.01	29.57	22.87	28.1	10.11	14.09	0.55	1.39	1.55	0.18	14.41
2020-11-28	15.12	30.85	20.01	29.15	10.34	14.58	0.47	1.04	1.63	0.36	14.71
2020-11-29	16.18	30.92	21.4	30.44	10.5	14.97	0.49	1.19	1.62	0.36	15.11
2020-11-30	16.18	31.52	22.49	28.36	10.66	15.25	0.47	1.02	1.68	0.27	15.26
2020-12-01	15.39	32.14	22.57	26.4	11.33	15.35	0.44	1.06	1.28	0.27	15.42
2020-12-02	15.66	33.5	23.45	25.66	11.67	16.03	0.44	1.12	1.3	0.18	15.9
2020-12-03	15.12	36.01	22.8	25.51	12.01	16.05	0.36	1.01	1.25	0.27	16.23
2020-12-04	14.56	37.95	22.24	25.24	11.94	16.17	0.33	0.93	1.34	0.27	16.35
2020-12-05	14.28	38.43	22.31	23.87	11.97	17.08	0.38	0.9	1.23	0.36	16.54
2020-12-06	13.5	39.16	23.02	24.06	12.18	17.58	0.38	0.71	1.14	0.72	16.73
2020-12-07	13.64	39.17	22.39	23.88	12.35	17.99	0.36	0.64	1.04	1.07	16.88
2020-12-08	13.39	40.53	22.43	23.5	12.32	18.63	0.36	0.6	0.99	1.07	17.13
2020-12-09	12.79	39.8	23.22	23.52	12.49	18.98	0.36	0.51	0.83	1.07	17.12
2020-12-10	12.87	38.87	23.99	22.75	12.64	19.61	0.38	0.48	0.73	0.98	17.22
2020-12-11	12.95	38.58	23.6	24.06	12.71	20.22	0.33	0.48	0.64	0.98	17.39
2020-12-12	13.09	37.64	24.46	24.1	12.72	20	0.3	0.46	0.66	1.16	17.28
2020-12-13	12.98	37.26	22.19	22.96	12.48	20.5	0.19	0.42	0.69	0.81	17.13
2020-12-14	13.3	37.75	22.12	22.09	12.49	20.58	0.22	0.4	0.64	0.45	17.22
2020-12-15	13.17	36.5	22.23	22.36	13.08	20.87	0.19	0.33	0.63	0.45	17.36
2020-12-16	13.23	35.89	20.53	22.49	13.32	21.15	0.3	0.46	0.6	0.45	17.4
2020-12-17	13.09	35.91	19.49	21.75	13.75	21.17	0.36	0.49	0.63	0.54	17.5
2020-12-18	12.77	34.86	19.42	20.77	14.18	21.27	0.47	0.35	0.58	0.54	17.48
2020-12-19	12.65	34.09	19.15	19.47	14.65	21.5	0.6	0.35	0.5	0.18	17.55
2020-12-20	12.08	32.69	19.2	19.02	15.27	21.76	0.66	0.31	0.44	0.18	17.59
2020-12-21	11.44	30.6	18.46	18.24	15.45	22.57	0.63	0.37	0.39	0.18	17.46
2020-12-22	11.23	29.57	18.31	17.04	15.38	23.31	0.66	0.38	0.41	0.18	17.4
2020-12-23	10.89	29.67	18.28	16.11	15.64	23.89	0.55	0.33	0.41	0.18	17.56
2020-12-24	10.64	27.85	17.26	16.33	15.65	24.72	0.47	0.26	0.42	0.36	17.48
2020-12-25	10.33	27.13	17.07	12.71	15.52	21.76	0.33	0.27	0.34	0.36	16.5
2020-12-26	9.76	25.72	15.61	10.3	15.32	25.85	0.11	0.29	0.32	0.27	16.96
2020-12-27	9.59	23.04	15.27	13.32	15.01	26.09	0.14	0.33	0.29	0.27	16.67
2020-12-28	9.34	22	13.91	12.71	14.84	26.36	0.19	0.27	0.45	0.27	16.45
2020-12-29	9.17	21.52	13.09	12.48	15.18	26.7	0.19	0.27	0.38	0.45	16.54
2020-12-30	9.08	21.47	12.84	11.72	15.68	27.13	0.16	0.2	0.36	0.45	16.78
2020-12-31	9.38	22.1	13.27	11.14	16.53	27.92	0.16	0.22	0.31	0.18	17.4
2021-01-01	9.53	22.73	13.95	11.14	16.84	32.59	0.16	0.24	0.47	0.18	18.68
2021-01-02	9.97	22.79	14.9	14.52	18.02	28.42	0.16	0.38	0.5	0.18	18.42
2021-01-03	10.18	22.79	15.36	10.16	18.95	29.38	0.08	0.48	0.53	0.18	18.88
2021-01-04	10.46	23.47	17.7	10.27	20.24	29.83	0.05	0.77	0.39	0.18	19.68
2021-01-05	10.58	23.38	18.17	10.24	21.02	30.04	0.05	1.22	0.41	0.09	20.06
2021-01-06	10.97	22.85	19.94	10.58	21.57	30.26	0.05	1.77	0.54	0.45	20.4
2021-01-07	11.17	22.1	21.69	10.78	21.75	29.76	0.05	2.16	0.54	0.54	20.36
2021-01-08	11.31	21.44	22.31	13.08	23.04	29.39	0.05	2.45	0.41	0.54	20.83
2021-01-09	11.12	21.62	23.79	11.81	23.11	31.29	0.05	2.82	0.42	0.54	21.29
2021-01-10	11.14	22.76	24.65	12.34	24.06	30.82	0.08	2.94	0.39	0.54	21.73
2021-01-11	10.84	21.18	26.17	12.47	24.13	29.7	0.05	3.02	0.41	0.54	21.34
2021-01-12	10.89	20.56	27.32	12.05	23.69	28.75	0.03	2.83	0.38	0.54	20.9
2021-01-13	10.6	19.76	26.87	12	23.18	27.79	0.03	2.61	0.32	0.18	20.33
2021-01-14	9.97	19.76	26.59	12.56	22.99	27.15	0.05	2.6	0.36	0.18	20.04
2021-01-15	9.67	18.47	27.15	12.21	22.22	26.03	0.08	2.72	0.36	0.18	19.3
2021-01-16	9.8	17.59	26.4	11.97	21.84	24.53	0.08	2.67	0.38	0.18	18.7
2021-01-17	9.63	17.4	26.16	12.37	21.33	23.46	0.08	3.07	0.42	0.18	18.24
2021-01-18	9.27	16.86	24.68	12.23	20.6	22.73	0.08	3.16	0.35	0.54	17.63
2021-01-19	9.32	16.23	25.42	12.46	19.64	21.83	0.08	3.42	0.39	0.63	17.02
2021-01-20	9.27	15.57	25.34	12.43	19.34	20.88	0.08	3.46	0.32	0.63	16.6
2021-01-21	9.35	14.63	24.3	11.76	18.67	20.03	0.08	3.62	0.25	0.54	16
2021-01-22	9.34	14.17	23.37	11.58	18.34	19.55	0.08	3.71	0.29	0.54	15.68
2021-01-23	9.19	13.71	23.42	11.95	17.67	18.66	0.08	3.53	0.23	0.54	15.14
2021-01-24	9.26	12.78	23.09	12.28	16.69	17.84	0.05	3.24	0.2	0.54	14.48
2021-01-25	9.38	13.65	22.47	12.23	16.09	17.46	0.05	3.25	0.2	0.18	14.26
2021-01-26	9.22	13.36	21.51	12.04	15.92	17.09	0.05	2.87	0.16	0	14.01
2021-01-27	9.18	12.68	20.39	11.42	14.97	16.8	0.11	2.74	0.18	0	13.43
2021-01-28	9.13	11.98	20.6	10.76	14.45	16.37	0.19	2.65	0.16	0.09	13.03
2021-01-29	9.14	11.65	20.88	10.56	13.65	15.81	0.27	2.39	0.1	0.09	12.55
2021-01-30	8.81	11.04	20.71	10.05	13.36	15.29	0.27	2.3	0.15	0.09	12.18
2021-01-31	8.82	11.03	20.45	8.98	12.81	14.9	0.27	2.41	0.13	0.09	11.83
2021-02-01	8.63	9.78	19.33	8.71	12.82	14.38	0.27	2.07	0.15	0.27	11.49
2021-02-02	8.69	9.47	19.27	8.61	11.85	14.19	0.27	2.32	0.15	0.27	11.05
2021-02-03	8.49	8.82	19.83	8.93	11.37	13.73	0.27	2.32	0.1	0.27	10.68
2021-02-04	8.27	9.21	19.9	8.7	10.86	13.27	0.19	2.12	0.12	0.18	10.39
2021-02-05	8.15	8.74	19.15	8.27	10.69	12.95	0.11	1.96	0.1	0.18	10.14
2021-02-06	8.21	8.62	19.19	7.37	10.04	12.68	0.19	1.96	0.06	0.18	9.78
2021-02-07	8.18	8.27	18.65	6.97	9.69	12.45	0.22	1.61	0.07	0.18	9.51
2021-02-08	8.37	7.99	18.94	6.61	9.01	12.39	0.52	1.5	0.07	0	9.22
2021-02-09	8.38	7.75	17.19	6.49	9.28	12	1.34	1.33	0.07	0.09	9.16
2021-02-10	8.54	8.01	17.13	5.79	9.18	11.9	2.74	1.33	0.07	0.09	9.15
2021-02-11	8.49	7.27	15.48	5.58	8.58	11.94	5.45	1.08	0.09	0.09	8.81
2021-02-12	8.42	7	14.53	5.28	8.01	11.75	6.79	1.04	0.09	0.09	8.48
2021-02-13	8.49	6.86	14.3	5.48	7.92	11.49	7.42	1.12	0.12	0.09	8.39
2021-02-14	8.39	6.65	13.9	5.47	7.43	11.21	7.69	1.02	0.12	0.09	8.09
2021-02-15	8.41	6.59	13.56	5.67	7.14	11	7.58	1.01	0.12	0.09	7.92
2021-02-16	8.04	6.81	14.24	5.91	7.02	10.73	6.95	0.79	0.15	0	7.81
2021-02-17	7.92	6.61	13.45	6.1	6.8	10.42	6.7	0.58	0.18	0	7.59
2021-02-18	8.39	6.81	13.84	6.59	6.89	10.06	5.28	0.62	0.18	0.09	7.64
2021-02-19	8.56	6.85	13.33	6.7	6.97	9.75	5.55	0.64	0.2	0.09	7.62
2021-02-20	8.71	7.09	12.71	6.65	6.9	9.29	5.88	0.4	0.23	0.09	7.52
2021-02-21	8.83	7.23	12.97	6.43	7	8.88	6.27	0.42	0.23	0.09	7.5
2021-02-22	9.11	7.3	13.38	6.62	7.09	9.01	6.43	0.42	0.23	0.09	7.64
2021-02-23	9.92	7.32	13.26	6.36	7.16	9.12	6.65	0.37	0.23	0.09	7.79
2021-02-24	10.1	7.81	12.45	6.02	7.36	9.14	5.66	0.35	0.23	0.27	7.9
2021-02-25	9.59	7.76	13.24	5.32	7.46	9.07	4.62	0.29	0.32	0.45	7.83
2021-02-26	9.73	7.86	13.32	5.01	7.56	9.09	3.09	0.2	0.44	0.54	7.88
2021-02-27	9.91	7.97	12.94	4.97	7.52	9.23	2.16	0.18	0.44	1.07	7.91
2021-02-28	10.1	7.89	12.45	4.9	7.49	9.36	1.67	0.13	0.47	1.52	7.92
2021-03-01	10.17	7.94	12.17	4.34	7.46	9.03	1.37	0.13	0.47	1.52	7.81
2021-03-02	9.74	7.91	12.3	4.19	7.45	8.79	1.09	0.2	0.44	1.88	7.69
2021-03-03	9.88	7.82	13.08	4.28	7.36	8.66	0.96	0.22	0.44	1.79	7.65
2021-03-04	10.24	7.6	12.47	4.08	7.22	8.4	0.82	0.29	0.36	1.61	7.54
2021-03-05	10.45	7.78	13.16	3.94	7.21	8.38	0.74	0.35	0.25	1.61	7.6
2021-03-06	10.39	7.54	13.17	3.73	7.02	8.19	0.68	0.42	0.28	1.07	7.44
2021-03-07	10.35	7.55	12.87	3.79	7.25	8.15	0.52	0.46	0.26	0.81	7.5
2021-03-08	10.1	7.51	12.17	4.04	7.84	8.09	0.55	0.51	0.25	0.98	7.67
2021-03-09	10.41	7.5	11.88	4.08	8.05	8.19	0.44	0.46	0.31	0.63	7.81
2021-03-10	10.38	7.49	11.74	4.33	8.4	8.3	0.36	0.4	0.28	0.54	7.96
2021-03-11	10.4	7.6	11.79	4.74	8.5	8.34	0.25	0.35	0.23	0.45	8.03
2021-03-12	10.43	7.64	11.38	5.24	8.61	8.25	0.25	0.33	0.2	0.36	8.07
2021-03-13	10.46	8.07	11.26	5.49	9.08	8.31	0.19	0.22	0.18	0.36	8.32
2021-03-14	10.35	8.34	11.01	5.37	9.51	8.26	0.16	0.27	0.16	0.18	8.47
2021-03-15	10.56	8.62	11.17	5.26	9.16	8.29	0.08	0.22	0.16	0	8.4
2021-03-16	10.57	8.95	11.7	5.76	9.05	8.13	0.08	0.29	0.12	0.09	8.4
2021-03-17	10.48	9.2	11.42	5.97	9.24	7.98	0.08	0.31	0.13	0.09	8.46
2021-03-18	10.63	9.66	10.81	5.97	9.69	7.92	0.08	0.4	0.18	0.09	8.68
2021-03-19	10.88	10.54	10.79	5.89	10.05	7.97	0.05	0.38	0.22	0.45	8.96
2021-03-20	10.88	10.8	11.36	5.84	10.4	7.95	0.05	0.44	0.19	0.45	9.14
2021-03-21	11.18	11.34	12.36	6.31	10.44	7.9	0.05	0.37	0.26	0.45	9.3
2021-03-22	11.65	11.64	13.5	6.43	10.86	8.1	0.05	0.49	0.29	0.63	9.65
2021-03-23	12	11.99	13.43	6.32	11.32	8.26	0.03	0.53	0.28	0.72	9.94
2021-03-24	12.6	12.68	14.64	6.12	11.38	8.39	0.05	0.71	0.32	0.72	10.19
2021-03-25	13.1	13.52	15.28	6.31	12.18	8.8	0.03	1.13	0.32	0.81	10.79
2021-03-26	13.57	13.59	15.76	6.59	12.59	9.1	0.03	1.33	0.35	0.72	11.12
2021-03-27	14.63	13.95	16.05	6.26	13.19	9.5	0.03	1.5	0.39	0.72	11.63
2021-03-28	15.2	14.23	16.9	5.9	13.83	9.94	0.05	1.59	0.34	0.72	12.11
2021-03-29	15.61	14.52	16.9	5.82	14.21	10.24	0.05	1.63	0.31	0.54	12.41
2021-03-30	16.05	14.88	17.07	5.6	14.98	10.58	0.11	1.75	0.34	0.63	12.88
2021-03-31	16.87	15.46	17.11	5.49	15.72	10.99	0.11	1.77	0.29	0.63	13.44
2021-04-01	16.96	15.82	17.49	4.94	15.89	11.54	0.14	1.41	0.29	0.63	13.67
2021-04-02	17.42	16.99	17.99	4.68	16.78	12.14	0.14	1.33	0.35	0.36	14.35
2021-04-03	17.81	18.3	18.66	5.02	17.32	12.6	0.14	1.28	0.34	0.36	14.9
2021-04-04	18.35	19.28	18.34	5.15	17.9	12.98	0.11	1.37	0.41	0.36	15.4
2021-04-05	18.66	20.38	18.52	5.3	18.72	13.59	0.11	1.37	0.44	0.36	16.03
2021-04-06	19.3	21.53	19.19	5.14	19.42	14.09	0.05	1.17	0.48	0.09	16.65
2021-04-07	19.25	23.08	19.16	5.58	20.28	14.5	0.05	1.21	0.48	0.09	17.26
2021-04-08	20.53	24.87	19.4	6.41	20.99	15.07	0.05	1.15	0.51	0.09	18.09
2021-04-09	21.05	26.29	20.65	7.32	22.1	15.67	0.14	1.13	0.41	0.18	18.96
2021-04-10	21.62	27.01	20.13	7.76	22.88	16.47	0.25	1.32	0.45	0.18	19.61
2021-04-11	21.73	27.77	21.33	8.22	24.25	17.09	0.25	1.28	0.42	0.18	20.44
2021-04-12	21.95	28.57	22.31	8.67	25.67	17.68	0.27	1.28	0.5	0.45	21.29
2021-04-13	21.41	29.06	23.15	9.38	26.25	18.21	0.3	1.3	0.5	0.45	21.67
2021-04-14	21.88	29.25	23.27	9.12	27.17	18.69	0.36	1.33	0.5	0.45	22.22
2021-04-15	21.64	29.95	24.29	9.3	28.56	18.53	0.38	1.32	0.47	0.54	22.81
2021-04-16	20.92	30.26	22.75	8.7	29.13	18.27	0.38	1.33	0.53	0.45	22.85
2021-04-17	20.21	30.89	22.87	9.2	29.66	17.91	0.36	1.19	0.54	0.45	22.97
2021-04-18	19.93	31.96	22.47	9.8	29.46	17.6	0.38	1.21	0.57	0.72	22.92
2021-04-19	20.01	32.79	21.79	9.68	29.51	16.75	0.44	1.19	0.69	0.72	22.84
2021-04-20	19.95	33.64	21.33	10.51	29.31	16.16	0.47	1.12	0.73	0.81	22.74
2021-04-21	19.1	34.57	21.72	11.33	29.37	15.59	0.41	0.95	1.06	0.81	22.67
2021-04-22	18.54	35.25	21.25	12.43	28.34	15.15	0.44	1.19	1.58	0.72	22.22
2021-04-23	18.53	35.49	21.49	12.99	28.05	14.34	0.38	1.32	2.13	0.72	22
2021-04-24	18.13	35.83	21.96	13.98	27.79	13.62	0.38	1.26	2.77	0.72	21.78
2021-04-25	17.89	35.57	21.5	14.9	27.49	13.07	0.41	1.15	3.59	0.45	21.52
2021-04-26	17.23	35.91	21.51	16.03	26.58	12.74	0.44	1.12	4.33	0.36	21.11
2021-04-27	17.09	36.54	21.2	16.1	26.39	12.34	0.38	1.55	5.6	0.27	21.03
2021-04-28	17.03	36.99	20.98	16.36	25.68	12.14	0.47	1.57	6.33	0.45	20.78
2021-04-29	16.61	37.61	20.33	16.01	25.86	11.79	0.44	1.41	6.8	0.36	20.76
2021-04-30	15.89	38.63	20.62	17.18	25.26	11.79	0.63	1.39	7.13	0.54	20.61
2021-05-01	15.76	41.35	20.33	17.13	24.56	11.78	0.68	1.57	8.53	0.54	20.67
2021-05-02	15.27	42.3	20.19	17.35	24.35	11.77	1.12	1.61	9.55	0.63	20.67
2021-05-03	15.01	43.97	19.88	17.77	24.28	11.62	1.15	1.75	10.72	0.45	20.8
2021-05-04	14.72	44.63	19.45	18.55	23.82	11.45	1.26	1.39	11.55	0.54	20.66
2021-05-05	13.98	46.02	19.46	19.37	23.3	11.15	1.31	1.44	13.01	0.36	20.52
2021-05-06	13.53	46.55	19.1	20.76	22.86	10.93	1.42	1.46	14.65	0.54	20.4
2021-05-07	13.48	46.46	19.36	22.94	22.16	10.72	1.4	1.33	16.98	0.45	20.2
2021-05-08	12.82	45.2	19.44	25.16	21.67	10.49	1.42	1.15	17.2	0.45	19.81
2021-05-09	12.64	44.88	18.7	27.72	21.17	10.41	1.07	1.15	17.64	0.36	19.61
2021-05-10	12.36	43.54	17.91	30.32	20.48	10.18	1.01	1.08	17.21	0.45	19.15
2021-05-11	11.85	42.59	17.99	30.72	19.78	9.95	1.31	1.04	16.7	0.36	18.66
2021-05-12	11.93	41.07	17.97	31.7	19.18	9.67	1.42	1.01	16.26	0.36	18.21
2021-05-13	11.63	38.96	18.57	33.77	18.53	9.46	1.45	1.1	15.21	0.27	17.69
2021-05-14	11	37.19	17.85	33.66	17.75	9.33	1.42	1.04	13.61	0.36	17.01
2021-05-15	10.57	34.45	16.97	33.07	17.48	9	1.4	1.02	12.49	0.45	16.37
2021-05-16	10.26	32.86	16.85	33.14	16.5	8.59	1.5	1.12	11.95	0.45	15.66
2021-05-17	9.87	30.03	17.17	32.4	15.97	8.41	1.7	1.1	11.57	0.45	15
2021-05-18	9.58	28.18	16.37	32.45	15.52	8.23	1.45	1.24	11.16	0.63	14.49
2021-05-19	9.36	25.3	15.5	32.86	14.81	7.96	1.26	1.22	10.25	1.07	13.76
2021-05-20	8.72	22.89	14.5	33.27	14.47	7.76	1.18	1.06	9.6	0.98	13.17
2021-05-21	8.52	20.63	13.84	34.36	14.01	7.61	1.29	1.24	9.12	0.89	12.67
2021-05-22	8.28	18.77	13.65	34.82	13.24	7.19	1.26	1.15	8.8	0.81	12.03
2021-05-23	7.81	16.91	13.02	34.02	12.75	6.79	1.64	1.21	8.02	0.81	11.4
2021-05-24	7.45	16.04	12.08	33.24	12.05	6.6	1.5	1.3	7.41	0.72	10.86
2021-05-25	7.11	14.46	11.87	32.44	11.49	6.26	1.64	1.28	6.86	0.54	10.29
2021-05-26	6.36	12.78	12.35	31.5	11.01	5.8	1.67	1.32	6.18	0.09	9.67
2021-05-27	6.41	11.82	12.54	28.35	9.78	5.42	1.72	1.35	5.72	0.09	8.88
2021-05-28	6.13	11.11	11.82	27.32	9.18	4.87	1.83	1.24	5.08	0.18	8.33
2021-05-29	5.86	10.41	11.8	26.11	8.47	4.71	1.97	1.39	4.62	0.18	7.84
2021-05-30	5.61	9.86	12.48	24.37	7.83	4.44	1.53	1.3	3.85	0.18	7.37
2021-05-31	5.39	9.25	12.59	23.79	7.32	4.18	1.45	1.21	3.38	0.36	6.98
2021-06-01	5.1	8.67	12.29	23.5	6.99	3.95	1.31	1.13	2.8	0.36	6.65
2021-06-02	4.94	8.74	11.7	23	6.64	3.92	1.67	1.17	2.47	0.36	6.45
2021-06-03	4.45	8.03	11.32	23.67	6.38	3.64	1.67	1.3	2.35	0.54	6.15
2021-06-04	4.07	7.17	10.92	21.89	6.03	3.4	1.34	1.32	1.98	0.36	5.72
2021-06-05	3.96	6.8	9.95	21.05	5.73	3.1	1.23	1.3	1.77	0.36	5.41
2021-06-06	3.66	6.29	8.77	20.33	5.37	2.87	1.18	1.19	1.65	0.36	5.05
2021-06-07	3.44	5.85	8.23	18.97	4.99	2.73	1.18	1.02	1.65	0.18	4.72
2021-06-08	3.39	5.62	8.28	19.06	4.77	2.63	1.09	0.95	1.68	0.18	4.59
2021-06-09	3.26	5.31	7.58	18.89	4.46	2.45	0.71	0.97	1.66	0.18	4.34
2021-06-10	3.14	4.93	7.1	17.78	4.18	2.32	0.68	0.73	1.5	0	4.08
2021-06-11	3.13	4.69	7.07	16.72	3.86	2.16	0.71	0.57	1.36	0	3.84
2021-06-12	2.79	4.32	7.15	16.91	3.62	2.09	0.74	0.53	1.24	0	3.65
2021-06-13	2.74	4.11	7.05	16.64	3.49	2.04	0.63	0.6	1.15	0	3.54
2021-06-14	2.56	4.07	6.9	16.2	3.42	1.92	0.68	0.6	1.01	0	3.44
2021-06-15	2.4	4.03	6.36	14.94	3.25	1.84	0.66	0.64	0.83	0	3.26
2021-06-16	2.31	3.51	6.47	13.81	3.22	1.81	0.6	0.46	0.76	0	3.13
2021-06-17	2.21	3.42	6.51	13.05	3.01	1.76	0.49	0.46	0.76	0	2.99
2021-06-18	2.01	3.27	6.76	12.62	2.79	1.67	0.41	0.49	0.85	0	2.83
2021-06-19	2.01	3.1	6.13	11.13	2.64	1.63	0.25	0.46	0.77	0	2.67
2021-06-20	1.95	2.89	6.06	10.09	2.44	1.55	0.22	0.37	0.71	0	2.51
2021-06-21	1.88	2.72	5.73	9.51	2.27	1.49	0.11	0.35	0.61	0	2.37
2021-06-22	1.73	2.49	5.59	9.02	2.27	1.46	0.08	0.31	0.61	0	2.3
2021-06-23	1.66	2.29	4.99	8.86	2.14	1.42	0.05	0.27	0.5	0	2.17
2021-06-24	1.53	2.05	4.48	8.1	2.07	1.31	0.03	0.26	0.36	0	2.02
2021-06-25	1.43	1.91	3.84	7.11	1.98	1.25	0.03	0.22	0.44	0	1.9
2021-06-26	1.33	1.7	3.94	6.63	1.98	0.98	0.03	0.15	0.53	0	1.79
2021-06-27	1.18	1.49	3.79	6.67	1.94	0.8	0.03	0.13	0.54	0	1.67
2021-06-28	1.16	1.39	3.66	6.61	1.89	1.08	0.05	0.15	0.58	0	1.71
2021-06-29	1.09	1.41	3.88	6.54	1.89	1.06	0.03	0.18	0.57	0.09	1.71
2021-06-30	0.97	1.35	3.84	6.01	1.82	1.06	0.05	0.22	0.63	0.09	1.64
2021-07-01	0.9	1.33	3.28	5.81	1.81	1.05	0.05	0.18	0.61	0.09	1.6
2021-07-02	0.8	1.21	2.88	5.52	1.75	1.03	0.08	0.22	0.41	0.09	1.51
2021-07-03	0.72	1.14	2.73	4.92	1.62	1.03	0.08	0.2	0.36	0.09	1.41
2021-07-04	0.72	1.21	2.47	4.58	1.55	1.24	0.08	0.18	0.36	0.09	1.42
2021-07-05	0.67	1.25	2.51	4.6	1.51	0.89	0.41	0.18	0.34	0.09	1.32
2021-07-06	0.61	1.16	1.96	4.33	1.46	0.89	0.41	0.13	0.42	0.09	1.25
2021-07-07	0.65	1.13	2.24	4.29	1.47	0.85	0.38	0.07	0.38	0.09	1.26
2021-07-08	0.68	0.99	3.53	4.28	1.4	0.79	0.38	0.07	0.35	0.09	1.24
2021-07-09	0.9	1.01	3.83	4.48	1.38	1.17	0.41	0.02	0.34	0.09	1.37
2021-07-10	0.95	0.98	3.75	4.9	1.35	1.17	0.41	0.02	0.23	0.09	1.36
2021-07-11	0.98	0.9	3.66	4.89	1.31	1.19	0.41	0.02	0.23	0.09	1.34
2021-07-12	1.01	0.86	3.62	4.54	1.25	1.2	0.05	0	0.22	0.09	1.3
2021-07-13	1.08	0.86	3.87	4.34	1.16	1.18	0.19	0	0.13	0	1.26
2021-07-14	1.03	0.79	3.3	4.19	1.12	1.13	0.27	0	0.12	0	1.2
2021-07-15	1.03	0.89	2.29	3.74	1.05	1.13	0.9	0.13	0.09	0	1.15
2021-07-16	0.83	0.86	1.99	3.38	1.03	0.79	0.85	0.16	0.07	0	1.01
2021-07-17	0.86	0.91	1.9	3.09	1.02	0.79	0.85	0.16	0.06	0	1
2021-07-18	0.9	0.96	2.1	2.85	1.04	0.78	0.85	0.18	0.06	0	1.01
2021-07-19	0.92	0.99	2.1	2.92	1.05	0.69	0.96	0.18	0.06	0	1.01
2021-07-20	1.04	1.1	2.04	3.01	1.03	0.61	0.82	0.18	0.04	0	1.01
2021-07-21	1.15	1.21	2.59	2.9	1.02	0.48	0.74	0.18	0.15	0	1.02
2021-07-22	1.23	1.38	2.61	3.02	1.06	0.54	0.11	0.07	0.15	0	1.07
2021-07-23	1.42	1.56	2.98	3.05	1.09	0.56	0.11	0.09	0.18	0	1.15
2021-07-24	1.52	1.89	3.14	2.99	1.08	0.56	0.11	0.09	0.18	0	1.21
2021-07-25	1.58	2.21	3.03	2.91	1.08	0.7	0.11	0.07	0.13	0	1.27
2021-07-26	1.73	2.39	3.36	2.62	1.07	0.83	0	0.09	0.15	0	1.34
2021-07-27	1.93	2.6	3.55	2.6	1.07	0.96	0	0.11	0.18	0	1.43
2021-07-28	2.23	2.97	3.7	2.43	1.09	1.18	0	0.15	0.07	0	1.56
2021-07-29	2.54	3.38	3.95	2.37	1.12	1.24	0	0.2	0.09	0	1.69
2021-07-30	2.91	3.67	4.02	2.42	1.16	1.28	0	0.27	0.07	0	1.79
2021-07-31	3.09	3.95	4.46	2.14	1.24	1.28	0	0.27	0.07	0	1.89
2021-08-01	3.41	4.24	4.65	2.16	1.29	1.48	0	0.6	0.07	0	2.04
2021-08-02	3.67	4.41	4.47	2.24	1.33	1.62	0.08	0.58	0.06	0	2.14
2021-08-03	3.81	4.38	4.3	2.23	1.37	1.78	0.08	0.77	0.12	0	2.2
2021-08-04	4.24	4.42	4.25	2.08	1.35	1.86	0.11	0.77	0.15	0.27	2.27
2021-08-05	4.8	4.95	4.47	1.99	1.34	2.14	0.11	0.91	0.19	0.36	2.48
2021-08-06	5.41	5.54	4.82	1.77	1.45	2.31	0.16	0.9	0.19	0.36	2.71
2021-08-07	6.14	6.05	5.49	1.79	1.57	2.31	0.16	0.9	0.19	0.36	2.94
2021-08-08	6.6	6.52	5.95	1.83	1.77	2.58	0.16	0.93	0.19	0.36	3.21
2021-08-09	6.9	6.83	6.28	1.98	1.92	2.73	0.08	1.02	0.29	0.36	3.4
2021-08-10	7.44	7.33	6.78	2.07	2.07	2.83	0.08	0.97	0.22	0.54	3.63
2021-08-11	7.98	8.28	7.15	2.19	2.25	3.13	0.05	1.17	0.23	0.45	3.97
2021-08-12	8.29	8.77	7.98	2.2	2.54	3.24	0.05	1.15	0.28	0.36	4.23
2021-08-13	8.99	9.46	8.44	2.15	2.71	3.59	0.11	1.39	0.28	0.54	4.57
2021-08-14	9.3	10	8.3	2.1	2.9	4.3	0.11	1.39	0.28	0.54	4.9
2021-08-15	9.51	10.24	9.05	1.87	2.99	4	0.11	1.02	0.28	0.54	4.93
2021-08-16	9.98	10.72	9.43	1.96	3.18	4.25	0.19	1.66	0.31	0.72	5.22
2021-08-17	10.27	11.14	9.95	1.86	3.21	4.4	0.19	1.75	0.31	0.63	5.38
2021-08-18	10.32	11.71	10.42	1.99	3.37	4.52	0.36	1.81	0.39	0.45	5.59
2021-08-19	10.81	12.57	11.05	1.9	3.38	4.64	0.36	1.99	0.41	0.45	5.81
2021-08-20	10.66	13.11	12.5	2.11	3.52	4.8	0.3	2.27	0.54	0.27	6.02
2021-08-21	11.19	13.94	13.21	2.34	3.63	5.02	0.3	2.27	0.54	0.54	6.25
2021-08-22	11.48	14.67	14.14	2.47	3.83	5.26	0.3	2.27	0.54	0.54	6.61
2021-08-23	11.43	14.94	13.31	2.42	3.94	5.2	0.27	2.6	0.66	0.36	6.64
2021-08-24	11.81	15.65	13.68	2.6	4.07	5.23	0.27	2.63	0.77	0.36	6.85
2021-08-25	12.22	16.94	14.71	3.26	4.24	5.43	0.16	2.52	0.74	0.36	7.19
2021-08-26	12.31	17.89	14.34	3.57	4.39	5.71	0.16	2.29	0.64	0.36	7.43
2021-08-27	12.88	19.25	14.51	3.42	4.51	5.85	0.3	1.96	0.63	0.81	7.73
2021-08-28	13	20.57	16.54	4	4.65	5.92	0.3	2.27	0.63	0.54	8.12
2021-08-29	13.1	21.48	17	4.11	4.67	6.11	0.3	2.45	0.63	0.54	8.24
2021-08-30	13.27	22.75	19.22	4.12	4.73	6.13	0.49	1.61	0.83	0.54	8.5
2021-08-31	13.31	23.69	21.06	4.02	4.76	6.26	0.49	1.39	0.71	0.72	8.72
2021-09-01	13.38	24.34	22.32	3.34	4.73	6.49	0.66	1.39	0.71	0.7	8.85
2021-09-02	13.59	25.07	23.6	3.24	4.91	6.65	0.66	1.43	0.75	0.7	9.11
2021-09-03	13.05	25.82	25.84	3.5	4.94	6.88	0.6	1.39	0.69	0.26	9.25
2021-09-04	12.75	26.14	25.83	2.84	5.04	6.98	0.6	1.32	0.79	0.26	9.29
2021-09-05	12.89	27.72	27.41	2.93	5.11	7.32	0.6	1.38	0.95	0.26	9.65
2021-09-06	13.06	27.57	29.75	2.92	5	7.55	0.77	1.43	0.6	0.26	9.74
2021-09-07	12.83	28.8	29.92	2.99	5.04	7.7	0.91	1.61	0.65	0.17	9.89
2021-09-08	12.91	28.32	30.84	3.12	4.94	7.55	0.93	1.7	0.75	0.26	9.82
2021-09-09	12.83	28.87	31.08	3.17	4.87	7.56	0.93	1.83	0.94	0.26	9.87
2021-09-10	13.24	29.11	30.95	3.7	4.91	7.77	1.13	2.01	1.01	0.61	10.04
2021-09-11	13.69	30.16	30.79	4.05	4.83	8.32	1.13	2.7	1.37	0.7	10.35
2021-09-12	13.71	30.31	31.19	4.07	4.8	8.29	1.13	3.17	1.63	1.22	10.39
2021-09-13	13.59	32.77	31.86	4.17	4.82	8.47	0.96	3.48	1.67	1.65	10.74
2021-09-14	13.89	33.19	34.31	4.34	4.84	8.67	0.82	3.87	2.56	1.74	11.01
2021-09-15	13.47	34.62	35.28	4.26	4.87	8.97	0.85	4.72	2.45	2.09	11.25
2021-09-16	13.28	35.29	37.16	4.4	4.94	9.1	0.85	5.34	2.69	2.96	11.44
2021-09-17	13.14	37.04	37.69	4.22	4.89	9.03	0.63	5.94	2.81	3.3	11.61
2021-09-18	12.65	36.87	39.53	4.04	4.85	8.75	0.63	6.15	2.35	3.48	11.49
2021-09-19	12.57	37.18	41	4.04	4.78	8.72	0.63	6.81	1.93	3.22	11.53
2021-09-20	12.36	36.7	41.81	4.04	4.79	8.79	0.8	7.33	2.58	2.78	11.52
2021-09-21	11.94	36.97	40.16	4.15	4.79	8.72	1.23	7.87	1.99	2.78	11.43
2021-09-22	12.21	36.1	39.55	4.16	4.67	8.54	1.59	8.11	2.17	2.35	11.27
2021-09-23	12.63	35.91	39.79	4.32	4.49	8.49	1.59	8.13	2.28	1.48	11.25
2021-09-24	12.57	34.72	40.4	4.01	4.42	8.27	2.72	8.51	2.51	1.3	11.06
2021-09-25	13.2	35.61	41.06	4.48	4.25	8.23	3.1	8.47	2.51	1.13	11.22
2021-09-26	13.32	35.45	41.17	5.04	4.19	8.19	3.76	8.6	2.51	0.96	11.22
2021-09-27	14.05	36.49	39.68	5.52	4.19	7.92	4.03	9.05	2.91	0.96	11.38
2021-09-28	14.39	35.61	40.61	5.28	4.08	7.73	3.98	9.1	2.97	0.78	11.25
2021-09-29	14.54	36.72	40.22	6	4.12	7.57	3.79	9.25	3.27	0.78	11.41
2021-09-30	14.2	36.87	41.94	6.18	4.09	7.41	3.79	10.1	2.68	1.04	11.4
2021-10-01	14.12	36.8	41.26	6.48	4.03	7.32	3.68	10.23	3.3	0.78	11.33
2021-10-02	13.41	35.99	40.45	6.7	4.09	7.06	3.54	11.66	3.3	0.7	11.13
2021-10-03	13.54	35.15	38.06	6.77	4.02	6.69	3.1	11.86	3.3	0.61	10.87
2021-10-04	13.42	33.12	38.69	6.7	3.92	6.49	2.8	11.66	3.33	0.61	10.55
2021-10-05	13.53	31.25	36.18	7.28	3.89	6.44	2.55	12.06	3.47	0.61	10.29
2021-10-06	13.37	29.9	37.17	6.9	3.87	6.29	2.36	11.82	3.25	0.61	10.08
2021-10-07	13.06	28.45	37.75	7.37	3.81	6.25	2.55	12.13	3.67	0.61	9.9
2021-10-08	13.14	27.24	39.04	7.68	3.72	6.25	1.65	12.94	2.92	0.35	9.79
2021-10-09	13.1	25.5	39.18	7.36	3.67	6.18	1.4	12.22	3.31	0.35	9.52
2021-10-10	12.9	24.71	41.03	7.39	3.63	6.36	1.18	11.86	3.54	0.35	9.48
2021-10-11	12.37	23.11	40.79	7.35	3.58	6.5	0.8	12.27	2.55	0.35	9.21
2021-10-12	11.53	22.93	41.16	7.05	3.54	6.46	1.23	12.62	2.48	0.52	9.02
2021-10-13	11.13	20.96	39.09	7	3.38	6.47	1.1	12.82	2.43	0.52	8.62
2021-10-14	11.01	19.88	35.03	6.64	3.21	6.49	1.02	13.12	2.39	0.26	8.28
2021-10-15	10.8	19.22	31.82	6.35	3.14	6.55	0.91	12.34	2.29	0.52	8.02
2021-10-16	11.21	18.25	30.85	6.49	2.98	6.68	0.91	11.73	2.43	0.52	7.89
2021-10-17	11.25	17.45	28.59	6.13	2.89	6.55	0.91	11.46	2.48	0.52	7.65
2021-10-18	11.18	17.38	26.77	5.94	2.8	6.43	1.13	10.64	2.56	0.52	7.51
2021-10-19	11.66	17.14	26.75	6.31	2.75	6.32	0.55	9.58	2.16	0.52	7.49
2021-10-20	11.91	17.57	26.03	6.07	2.74	6.22	0.69	9.34	1.92	0.52	7.49
2021-10-21	12.28	17.1	26.52	5.87	2.74	5.87	0.58	8.15	1.81	0.52	7.37
2021-10-22	12.23	15.83	26.4	6.2	2.74	5.47	1.29	7.29	1.89	0.26	7.12
2021-10-23	11.85	15.59	24.22	6.24	2.63	5.08	1.29	6.82	1.35	0.26	6.82
2021-10-24	11.52	14.71	23.21	6.96	2.56	4.92	1.29	6.7	1.08	0.26	6.6
2021-10-25	11.61	13.94	21.94	6.99	2.51	4.77	2.06	6.14	1.58	0.26	6.44
2021-10-26	11.33	13.65	20.2	6.66	2.45	4.77	2.06	5.61	1.6	0	6.26
2021-10-27	11.06	13.2	19.92	7.31	2.47	4.8	2.36	5.39	1.9	0.17	6.2
2021-10-28	11.18	12.43	18.49	7.67	2.47	4.88	2.36	5.43	2.06	0.17	6.12
2021-10-29	11	12.26	17.71	7.9	2.4	5.01	1.76	5.58	2.1	0.17	6.06
2021-10-30	10.88	11.69	17.19	7.79	2.38	5.24	1.76	5.45	2.1	0.17	5.99
2021-10-31	10.72	11.12	16.38	7.72	2.35	5.48	1.76	5.1	2.1	0.17	5.91
2021-11-01	10.32	11.03	15.89	8	2.44	5.77	0.82	5.27	2.13	0.35	5.94
2021-11-02	10.18	10.62	15.68	8.53	2.5	6.01	0.82	5.61	2.19	0.35	5.97
2021-11-03	9.72	10.12	15.06	8.71	2.56	6.09	0.3	5.67	2.36	0.26	5.87
2021-11-04	9.28	10.07	14.47	8.99	2.59	6.27	0.3	5.12	2.65	0.26	5.83
2021-11-05	9.18	9.63	13.29	8.82	2.72	6.37	0.3	5.18	2.82	0.26	5.81
2021-11-06	9.14	9.8	12.99	9.7	2.87	6.54	0.3	5.48	2.82	0.26	5.95
2021-11-07	9.12	10.1	12.83	9.84	3.16	6.5	0.3	5.86	2.82	0.61	6.1
2021-11-08	9.37	9.92	12.48	10.52	3.21	6.56	0.49	6.1	3.57	0.43	6.17
2021-11-09	9.62	10.26	12.19	11.1	3.32	6.64	0.49	6.32	4.22	0.43	6.37
2021-11-10	9.97	10.25	11.58	11.23	3.39	6.89	0.66	6.48	4.09	0.35	6.51
2021-11-11	9.76	10.1	11.5	11.18	3.59	7.01	0.66	7.04	3.37	0.35	6.56
2021-11-12	9.55	9.8	11.27	12.02	3.62	7.26	0.6	7.29	3.82	0.61	6.6
2021-11-13	9.41	9.29	9.93	11.57	3.77	7.31	0.6	7.48	3.82	0.61	6.56
2021-11-14	9.2	9.04	9.36	10.95	3.8	7.45	0.6	7.69	3.82	0.26	6.51
2021-11-15	9.09	9.05	8.49	10.96	3.87	7.41	0.41	7.62	3.63	0.35	6.52
2021-11-16	8.64	8.73	8.49	10.1	3.91	7.36	0.41	7.29	3.27	0.35	6.34
2021-11-17	8.01	8.5	9.12	10.05	3.96	7.45	0.33	7.53	3.12	0.96	6.28
2021-11-18	7.87	8.22	8.77	10.51	4.03	7.54	0.33	7.57	3.44	1.04	6.29
2021-11-19	7.91	8.35	8.37	10.4	4.22	7.59	0.27	8.02	2.84	1.04	6.38
2021-11-20	7.6	8.48	10.79	10.64	4.28	7.75	0.27	8.15	2.84	1.39	6.48
2021-11-21	7.45	8.59	10.21	11.12	4.35	7.88	0.27	8.6	2.84	1.56	6.53
2021-11-22	7.28	8.53	10.75	10.97	4.43	8.18	0.3	9	2.29	1.83	6.58
2021-11-23	7.27	8.31	10.55	11.31	4.55	8.48	0.3	9.74	2.25	2.43	6.7
2021-11-24	7.27	8.48	9.54	11.27	4.63	8.75	0.3	9.83	2.25	2.43	6.77
2021-11-25	7.14	8.47	8.85	11.26	4.66	9.05	0.3	10.25	2.25	2.52	6.82
2021-11-26	6.75	8.29	9.08	10.76	4.79	11.71	0.36	10.41	2.26	2.43	7.37
2021-11-27	6.74	7.82	6.9	10.34	4.92	12.31	0.36	10.73	2.26	2.09	7.42
2021-11-28	6.68	7.39	6.79	10.08	5.13	12.59	0.36	9.92	2.26	2.35	7.48
2021-11-29	6.55	7.26	6.5	9.57	5.29	12.69	0.52	9.63	2.23	2	7.49
2021-11-30	6.61	7.21	6.19	9.49	5.36	12.83	0.52	9.27	2.71	1.48	7.53
2021-12-01	6.79	7.1	6.09	9.47	5.54	13.35	0.47	9.38	2.92	1.48	7.73
2021-12-02	6.63	7.06	5.79	9.1	5.74	13.76	0.47	9.38	3.18	1.39	7.86
2021-12-03	6.81	7.04	5.45	9.17	5.84	12.12	0.44	9.34	3.05	1.3	7.54
2021-12-04	6.71	7.12	5.39	9.86	6.03	12.69	0.44	9.2	3.05	1.74	7.76
2021-12-05	6.71	7.11	5.58	10.83	6.25	13.33	0.44	10.52	3.05	1.48	8.05
2021-12-06	6.74	6.98	5.57	11.27	6.34	14.04	0.38	10.97	2.88	1.74	8.26
2021-12-07	6.66	6.99	5.69	10.98	6.57	14.8	0.38	11.22	2.3	2.09	8.49
2021-12-08	6.64	6.85	5.28	11.5	6.79	15.08	0.47	11.55	2.29	2	8.63
2021-12-09	6.56	6.75	5.17	11.85	7.11	16.19	0.47	12.98	2.45	2.17	9.02
2021-12-10	6.65	6.55	5.1	12.38	7.52	17.28	0.38	13.81	3.02	2.7	9.46
2021-12-11	6.83	6.62	5.9	12.09	8.05	18.06	0.38	14.7	3.02	2.26	9.91
2021-12-12	6.98	6.74	5.51	11.55	8.33	18.89	0.38	14.59	3.02	2.7	10.2
2021-12-13	7.16	6.79	5.35	11.71	8.96	19.61	0.6	15.11	5.23	2.43	10.71
2021-12-14	7.68	6.82	5.29	12.35	9.44	20.47	0.6	15.84	5.88	2.26	11.22
2021-12-15	8.25	7.04	5.45	12.67	10.21	22.16	0.82	16.73	7.01	2.7	12.07
2021-12-16	9.37	7.49	5.36	12.87	11.3	23.71	0.82	16.78	7.6	3.3	13.07
